270919
352421
197686
311256
115965
55661
129886
171538
315478
25360
186184
248272
309165
257915
317838
276410
336339
316004
120808
289167
100274
106790
352163
365975
119991
200259
312514
69519
67601
257764
18422
375114
300792
359171
305367
176501
392555
391784
106088
116255
143909
329488
170234
137979
242285
253377
164683
213552
175209
322483
98357
327880
245173
289493
338899
100505
372911
227995
145201
193329
105925
177288
142052
276893
33926
138187
297439
369922
375866
111150
220858
341189
381590
55779
165603
8563
177541
118056
161270
98052
69156
190073
264879
153869
102191
270678
228766
154275
255516
220363
369519
321921
313937
45025
329133
328791
194360
21710
240139
142471
